1.1400e+09 3.9753e-08 3.1997e-10 2.7289e-10 3.3298e-08 5.1483e-08 3.3621e-20 2.8427e-19 2.8085e-07 2.2760e-07 9.9940e-01 3.0901e-04 2.8693e-04
2.0400e+09 3.9753e-08 3.1997e-10 2.7289e-10 3.3298e-08 5.1483e-08 3.3621e-20 2.8427e-19 2.8085e-07 2.2760e-07 9.9895e-01 5.2593e-04 5.2133e-04
3.6800e+09 3.9753e-08 3.1997e-10 2.7289e-10 3.3298e-08 5.1483e-08 3.3621e-20 2.8427e-19 2.8085e-07 2.2760e-07 9.9816e-01 8.6904e-04 9.6647e-04
5.0300e+09 3.9753e-08 3.1997e-10 2.7289e-10 3.3298e-08 5.1483e-08 3.3621e-20 2.8427e-19 2.8085e-07 2.2760e-07 9.9754e-01 1.1087e-03 1.3504e-03
6.5800e+09 3.9753e-08 3.1997e-10 2.7289e-10 3.3298e-08 5.1483e-08 3.3621e-20 2.8427e-19 2.8085e-07 2.2760e-07 9.9684e-01 1.3447e-03 1.8109e-03
8.3600e+09 3.9753e-08 3.1997e-10 2.7289e-10 3.3298e-08 5.1483e-08 3.3621e-20 2.8427e-19 2.8085e-07 2.2760e-07 9.9606e-01 1.5731e-03 2.3654e-03
1.0800e+10 3.9753e-08 3.1997e-10 2.7289e-10 3.3298e-08 5.1483e-08 3.3621e-20 2.8427e-19 2.8085e-07 2.2760e-07 9.9500e-01 1.8275e-03 3.1697e-03
1.3200e+10 3.9753e-08 3.1997e-10 2.7289e-10 3.3298e-08 5.1483e-08 3.3621e-20 2.8427e-19 2.8085e-07 2.2760e-07 9.9396e-01 2.0264e-03 4.0097e-03
1.5600e+10 3.9753e-08 3.1997e-10 2.7289e-10 3.3298e-08 5.1483e-08 3.3621e-20 2.8427e-19 2.8085e-07 2.2760e-07 9.9292e-01 2.1866e-03 4.8965e-03
1.1400e+09 3.2404e-08 2.8649e-09 6.3799e-10 2.5264e-09 3.0817e-08 8.4631e-19 4.2676e-21 2.4421e-07 2.0315e-07 9.9631e-01 3.0003e-03 6.9054e-04
2.0400e+09 3.2404e-08 2.8649e-09 6.3799e-10 2.5264e-09 3.0817e-08 8.4631e-19 4.2676e-21 2.4421e-07 2.0315e-07 9.9349e-01 5.2695e-03 1.2450e-03
3.6800e+09 3.2404e-08 2.8649e-09 6.3799e-10 2.5264e-09 3.0817e-08 8.4631e-19 4.2676e-21 2.4421e-07 2.0315e-07 9.8854e-01 9.1815e-03 2.2766e-03
5.0300e+09 3.2404e-08 2.8649e-09 6.3799e-10 2.5264e-09 3.0817e-08 8.4631e-19 4.2676e-21 2.4421e-07 2.0315e-07 9.8466e-01 1.2189e-02 3.1462e-03
6.5800e+09 3.2404e-08 2.8649e-09 6.3799e-10 2.5264e-09 3.0817e-08 8.4631e-19 4.2676e-21 2.4421e-07 2.0315e-07 9.8042e-01 1.5411e-02 4.1673e-03
8.3600e+09 3.2404e-08 2.8649e-09 6.3799e-10 2.5264e-09 3.0817e-08 8.4631e-19 4.2676e-21 2.4421e-07 2.0315e-07 9.7582e-01 1.8812e-02 5.3695e-03
1.0800e+10 3.2404e-08 2.8649e-09 6.3799e-10 2.5264e-09 3.0817e-08 8.4631e-19 4.2676e-21 2.4421e-07 2.0315e-07 9.6996e-01 2.2976e-02 7.0682e-03
1.3200e+10 3.2404e-08 2.8649e-09 6.3799e-10 2.5264e-09 3.0817e-08 8.4631e-19 4.2676e-21 2.4421e-07 2.0315e-07 9.6467e-01 2.6536e-02 8.7954e-03
1.5600e+10 3.2404e-08 2.8649e-09 6.3799e-10 2.5264e-09 3.0817e-08 8.4631e-19 4.2676e-21 2.4421e-07 2.0315e-07 9.5982e-01 2.9599e-02 1.0577e-02
1.1400e+09 5.8900e-08 1.9722e-09 4.6311e-09 1.9530e-08 3.3782e-08 1.8588e-21 3.1975e-21 2.5676e-07 2.3186e-07 9.9382e-01 1.7719e-03 4.4111e-03
2.0400e+09 5.8900e-08 1.9722e-09 4.6311e-09 1.9530e-08 3.3782e-08 1.8588e-21 3.1975e-21 2.5676e-07 2.3186e-07 9.8890e-01 3.0786e-03 8.0174e-03
3.6800e+09 5.8900e-08 1.9722e-09 4.6311e-09 1.9530e-08 3.3782e-08 1.8588e-21 3.1975e-21 2.5676e-07 2.3186e-07 9.7987e-01 5.2683e-03 1.4860e-02
5.0300e+09 5.8900e-08 1.9722e-09 4.6311e-09 1.9530e-08 3.3782e-08 1.8588e-21 3.1975e-21 2.5676e-07 2.3186e-07 9.7236e-01 6.8998e-03 2.0744e-02
6.5800e+09 5.8900e-08 1.9722e-09 4.6311e-09 1.9530e-08 3.3782e-08 1.8588e-21 3.1975e-21 2.5676e-07 2.3186e-07 9.6364e-01 8.5975e-03 2.7759e-02
8.3600e+09 5.8900e-08 1.9722e-09 4.6311e-09 1.9530e-08 3.3782e-08 1.8588e-21 3.1975e-21 2.5676e-07 2.3186e-07 9.5354e-01 1.0332e-02 3.6124e-02
1.0800e+10 5.8900e-08 1.9722e-09 4.6311e-09 1.9530e-08 3.3782e-08 1.8588e-21 3.1975e-21 2.5676e-07 2.3186e-07 9.3958e-01 1.2363e-02 4.8052e-02
1.3200e+10 5.8900e-08 1.9722e-09 4.6311e-09 1.9530e-08 3.3782e-08 1.8588e-21 3.1975e-21 2.5676e-07 2.3186e-07 9.2580e-01 1.4002e-02 6.0195e-02
1.5600e+10 5.8900e-08 1.9722e-09 4.6311e-09 1.9530e-08 3.3782e-08 1.8588e-21 3.1975e-21 2.5676e-07 2.3186e-07 9.1207e-01 1.5314e-02 7.2620e-02
1.1400e+09 3.0776e-08 1.7976e-09 1.2648e-09 2.7983e-09 9.0863e-09 1.4497e-21 2.1116e-21 2.9196e-07 1.6471e-07 9.9668e-01 1.9396e-03 1.3806e-03
2.0400e+09 3.0776e-08 1.7976e-09 1.2648e-09 2.7983e-09 9.0863e-09 1.4497e-21 2.1116e-21 2.9196e-07 1.6471e-07 9.9405e-01 3.4644e-03 2.4887e-03
3.6800e+09 3.0776e-08 1.7976e-09 1.2648e-09 2.7983e-09 9.0863e-09 1.4497e-21 2.1116e-21 2.9196e-07 1.6471e-07 9.8923e-01 6.2263e-03 4.5479e-03
5.0300e+09 3.0776e-08 1.7976e-09 1.2648e-09 2.7983e-09 9.0863e-09 1.4497e-21 2.1116e-21 2.9196e-07 1.6471e-07 9.8524e-01 8.4815e-03 6.2806e-03
6.5800e+09 3.0776e-08 1.7976e-09 1.2648e-09 2.7983e-09 9.0863e-09 1.4497e-21 2.1116e-21 2.9196e-07 1.6471e-07 9.8064e-01 1.1047e-02 8.3103e-03
8.3600e+09 3.0776e-08 1.7976e-09 1.2648e-09 2.7983e-09 9.0863e-09 1.4497e-21 2.1116e-21 2.9196e-07 1.6471e-07 9.7535e-01 1.3959e-02 1.0692e-02
1.0800e+10 3.0776e-08 1.7976e-09 1.2648e-09 2.7983e-09 9.0863e-09 1.4497e-21 2.1116e-21 2.9196e-07 1.6471e-07 9.6808e-01 1.7879e-02 1.4039e-02
1.3200e+10 3.0776e-08 1.7976e-09 1.2648e-09 2.7983e-09 9.0863e-09 1.4497e-21 2.1116e-21 2.9196e-07 1.6471e-07 9.6094e-01 2.1645e-02 1.7418e-02
1.5600e+10 3.0776e-08 1.7976e-09 1.2648e-09 2.7983e-09 9.0863e-09 1.4497e-21 2.1116e-21 2.9196e-07 1.6471e-07 9.5382e-01 2.5310e-02 2.0873e-02
1.1400e+09 5.9398e-08 5.0562e-09 1.8358e-09 2.0429e-08 2.5963e-08 2.7877e-18 4.1029e-19 2.4061e-07 1.8521e-07 9.9370e-01 4.5595e-03 1.7440e-03
2.0400e+09 5.9398e-08 5.0562e-09 1.8358e-09 2.0429e-08 2.5963e-08 2.7877e-18 4.1029e-19 2.4061e-07 1.8521e-07 9.8888e-01 7.9496e-03 3.1706e-03
3.6800e+09 5.9398e-08 5.0562e-09 1.8358e-09 2.0429e-08 2.5963e-08 2.7877e-18 4.1029e-19 2.4061e-07 1.8521e-07 9.8047e-01 1.3647e-02 5.8826e-03
5.0300e+09 5.9398e-08 5.0562e-09 1.8358e-09 2.0429e-08 2.5963e-08 2.7877e-18 4.1029e-19 2.4061e-07 1.8521e-07 9.7391e-01 1.7869e-02 8.2235e-03
6.5800e+09 5.9398e-08 5.0562e-09 1.8358e-09 2.0429e-08 2.5963e-08 2.7877e-18 4.1029e-19 2.4061e-07 1.8521e-07 9.6677e-01 2.2197e-02 1.1030e-02
8.3600e+09 5.9398e-08 5.0562e-09 1.8358e-09 2.0429e-08 2.5963e-08 2.7877e-18 4.1029e-19 2.4061e-07 1.8521e-07 9.5910e-01 2.6494e-02 1.4407e-02
1.0800e+10 5.9398e-08 5.0562e-09 1.8358e-09 2.0429e-08 2.5963e-08 2.7877e-18 4.1029e-19 2.4061e-07 1.8521e-07 9.4944e-01 3.1265e-02 1.9293e-02
1.3200e+10 5.9398e-08 5.0562e-09 1.8358e-09 2.0429e-08 2.5963e-08 2.7877e-18 4.1029e-19 2.4061e-07 1.8521e-07 9.4084e-01 3.4793e-02 2.4370e-02
1.5600e+10 5.9398e-08 5.0562e-09 1.8358e-09 2.0429e-08 2.5963e-08 2.7877e-18 4.1029e-19 2.4061e-07 1.8521e-07 9.3301e-01 3.7301e-02 2.9693e-02
1.1400e+09 5.9398e-08 5.0562e-09 1.8358e-09 4.8152e-08 5.4972e-08 3.6815e-18 1.0954e-18 2.5356e-07 2.0026e-07 9.9397e-01 4.2874e-03 1.7446e-03
2.0400e+09 5.9398e-08 5.0562e-09 1.8358e-09 4.8152e-08 5.4972e-08 3.6815e-18 1.0954e-18 2.5356e-07 2.0026e-07 9.8969e-01 7.1378e-03 3.1738e-03
3.6800e+09 5.9398e-08 5.0562e-09 1.8358e-09 4.8152e-08 5.4972e-08 3.6815e-18 1.0954e-18 2.5356e-07 2.0026e-07 9.8277e-01 1.1328e-02 5.9002e-03
5.0300e+09 5.9398e-08 5.0562e-09 1.8358e-09 4.8152e-08 5.4972e-08 3.6815e-18 1.0954e-18 2.5356e-07 2.0026e-07 9.7775e-01 1.3984e-02 8.2652e-03
6.5800e+09 5.9398e-08 5.0562e-09 1.8358e-09 4.8152e-08 5.4972e-08 3.6815e-18 1.0954e-18 2.5356e-07 2.0026e-07 9.7255e-01 1.6338e-02 1.1116e-02
8.3600e+09 5.9398e-08 5.0562e-09 1.8358e-09 4.8152e-08 5.4972e-08 3.6815e-18 1.0954e-18 2.5356e-07 2.0026e-07 9.6711e-01 1.8328e-02 1.4565e-02
1.0800e+10 5.9398e-08 5.0562e-09 1.8358e-09 4.8152e-08 5.4972e-08 3.6815e-18 1.0954e-18 2.5356e-07 2.0026e-07 9.6027e-01 2.0150e-02 1.9584e-02
1.3200e+10 5.9398e-08 5.0562e-09 1.8358e-09 4.8152e-08 5.4972e-08 3.6815e-18 1.0954e-18 2.5356e-07 2.0026e-07 9.5395e-01 2.1228e-02 2.4823e-02
1.5600e+10 5.9398e-08 5.0562e-09 1.8358e-09 4.8152e-08 5.4972e-08 3.6815e-18 1.0954e-18 2.5356e-07 2.0026e-07 9.4785e-01 2.1827e-02 3.0323e-02
1.1400e+09 3.1539e-08 4.3485e-11 1.4459e-11 3.9210e-08 5.2359e-09 1.7997e-21 5.9465e-21 2.6881e-07 2.2017e-07 9.9994e-01 4.5560e-05 1.5818e-05
2.0400e+09 3.1539e-08 4.3485e-11 1.4459e-11 3.9210e-08 5.2359e-09 1.7997e-21 5.9465e-21 2.6881e-07 2.2017e-07 9.9989e-01 7.9806e-05 2.8657e-05
3.6800e+09 3.1539e-08 4.3485e-11 1.4459e-11 3.9210e-08 5.2359e-09 1.7997e-21 5.9465e-21 2.6881e-07 2.2017e-07 9.9981e-01 1.3858e-04 5.2852e-05
5.0300e+09 3.1539e-08 4.3485e-11 1.4459e-11 3.9210e-08 5.2359e-09 1.7997e-21 5.9465e-21 2.6881e-07 2.2017e-07 9.9974e-01 1.8369e-04 7.3547e-05
6.5800e+09 3.1539e-08 4.3485e-11 1.4459e-11 3.9210e-08 5.2359e-09 1.7997e-21 5.9465e-21 2.6881e-07 2.2017e-07 9.9967e-01 2.3213e-04 9.8179e-05
8.3600e+09 3.1539e-08 4.3485e-11 1.4459e-11 3.9210e-08 5.2359e-09 1.7997e-21 5.9465e-21 2.6881e-07 2.2017e-07 9.9959e-01 2.8371e-04 1.2761e-04
1.0800e+10 3.1539e-08 4.3485e-11 1.4459e-11 3.9210e-08 5.2359e-09 1.7997e-21 5.9465e-21 2.6881e-07 2.2017e-07 9.9948e-01 3.4802e-04 1.6995e-04
1.3200e+10 3.1539e-08 4.3485e-11 1.4459e-11 3.9210e-08 5.2359e-09 1.7997e-21 5.9465e-21 2.6881e-07 2.2017e-07 9.9938e-01 4.0482e-04 2.1382e-04
1.5600e+10 3.1539e-08 4.3485e-11 1.4459e-11 3.9210e-08 5.2359e-09 1.7997e-21 5.9465e-21 2.6881e-07 2.2017e-07 9.9928e-01 4.5589e-04 2.5985e-04
1.1400e+09 3.0052e-08 2.1510e-10 3.4333e-09 7.5369e-09 8.7440e-09 1.9084e-21 7.8037e-21 2.4651e-07 2.1496e-07 9.9601e-01 2.3164e-04 3.7562e-03
2.0400e+09 3.0052e-08 2.1510e-10 3.4333e-09 7.5369e-09 8.7440e-09 1.9084e-21 7.8037e-21 2.4651e-07 2.1496e-07 9.9283e-01 4.1184e-04 6.7623e-03
3.6800e+09 3.0052e-08 2.1510e-10 3.4333e-09 7.5369e-09 8.7440e-09 1.9084e-21 7.8037e-21 2.4651e-07 2.1496e-07 9.8694e-01 7.3395e-04 1.2328e-02
5.0300e+09 3.0052e-08 2.1510e-10 3.4333e-09 7.5369e-09 8.7440e-09 1.9084e-21 7.8037e-21 2.4651e-07 2.1496e-07 9.8202e-01 9.9283e-04 1.6990e-02
6.5800e+09 3.0052e-08 2.1510e-10 3.4333e-09 7.5369e-09 8.7440e-09 1.9084e-21 7.8037e-21 2.4651e-07 2.1496e-07 9.7629e-01 1.2828e-03 2.2426e-02
8.3600e+09 3.0052e-08 2.1510e-10 3.4333e-09 7.5369e-09 8.7440e-09 1.9084e-21 7.8037e-21 2.4651e-07 2.1496e-07 9.6962e-01 1.6058e-03 2.8771e-02
1.0800e+10 3.0052e-08 2.1510e-10 3.4333e-09 7.5369e-09 8.7440e-09 1.9084e-21 7.8037e-21 2.4651e-07 2.1496e-07 9.6034e-01 2.0305e-03 3.7625e-02
1.3200e+10 3.0052e-08 2.1510e-10 3.4333e-09 7.5369e-09 8.7440e-09 1.9084e-21 7.8037e-21 2.4651e-07 2.1496e-07 9.5109e-01 2.4270e-03 4.6484e-02
1.5600e+10 3.0052e-08 2.1510e-10 3.4333e-09 7.5369e-09 8.7440e-09 1.9084e-21 7.8037e-21 2.4651e-07 2.1496e-07 9.4173e-01 2.8015e-03 5.5464e-02
1.1400e+09 3.2926e-08 3.0822e-09 3.0872e-09 3.8363e-08 8.1552e-09 2.2125e-20 1.0488e-21 2.5090e-07 2.1103e-07 9.9352e-01 3.1634e-03 3.3164e-03
2.0400e+09 3.2926e-08 3.0822e-09 3.0872e-09 3.8363e-08 8.1552e-09 2.2125e-20 1.0488e-21 2.5090e-07 2.1103e-07 9.8856e-01 5.4841e-03 5.9575e-03
3.6800e+09 3.2926e-08 3.0822e-09 3.0872e-09 3.8363e-08 8.1552e-09 2.2125e-20 1.0488e-21 2.5090e-07 2.1103e-07 9.7983e-01 9.3459e-03 1.0823e-02
5.0300e+09 3.2926e-08 3.0822e-09 3.0872e-09 3.8363e-08 8.1552e-09 2.2125e-20 1.0488e-21 2.5090e-07 2.1103e-07 9.7292e-01 1.2201e-02 1.4879e-02
6.5800e+09 3.2926e-08 3.0822e-09 3.0872e-09 3.8363e-08 8.1552e-09 2.2125e-20 1.0488e-21 2.5090e-07 2.1103e-07 9.6526e-01 1.5153e-02 1.9592e-02
8.3600e+09 3.2926e-08 3.0822e-09 3.0872e-09 3.8363e-08 8.1552e-09 2.2125e-20 1.0488e-21 2.5090e-07 2.1103e-07 9.5677e-01 1.8158e-02 2.5076e-02
1.0800e+10 3.2926e-08 3.0822e-09 3.0872e-09 3.8363e-08 8.1552e-09 2.2125e-20 1.0488e-21 2.5090e-07 2.1103e-07 9.4560e-01 2.1685e-02 3.2710e-02
1.3200e+10 3.2926e-08 3.0822e-09 3.0872e-09 3.8363e-08 8.1552e-09 2.2125e-20 1.0488e-21 2.5090e-07 2.1103e-07 9.3509e-01 2.4575e-02 4.0340e-02
1.5600e+10 3.2926e-08 3.0822e-09 3.0872e-09 3.8363e-08 8.1552e-09 2.2125e-20 1.0488e-21 2.5090e-07 2.1103e-07 9.2496e-01 2.6969e-02 4.8074e-02
1.1400e+09 4.1673e-08 2.8150e-08 5.9349e-11 4.9169e-09 1.4580e-08 1.5810e-20 1.0279e-21 2.7272e-07 1.7087e-07 9.7262e-01 2.7325e-02 5.8780e-05
2.0400e+09 4.1673e-08 2.8150e-08 5.9349e-11 4.9169e-09 1.4580e-08 1.5810e-20 1.0279e-21 2.7272e-07 1.7087e-07 9.5285e-01 4.7049e-02 1.0284e-04
3.6800e+09 4.1673e-08 2.8150e-08 5.9349e-11 4.9169e-09 1.4580e-08 1.5810e-20 1.0279e-21 2.7272e-07 1.7087e-07 9.2051e-01 7.9312e-02 1.7853e-04
5.0300e+09 4.1673e-08 2.8150e-08 5.9349e-11 4.9169e-09 1.4580e-08 1.5810e-20 1.0279e-21 2.7272e-07 1.7087e-07 8.9702e-01 1.0275e-01 2.3698e-04
6.5800e+09 4.1673e-08 2.8150e-08 5.9349e-11 4.9169e-09 1.4580e-08 1.5810e-20 1.0279e-21 2.7272e-07 1.7087e-07 8.7305e-01 1.2665e-01 3.0047e-04
8.3600e+09 4.1673e-08 2.8150e-08 5.9349e-11 4.9169e-09 1.4580e-08 1.5810e-20 1.0279e-21 2.7272e-07 1.7087e-07 8.4897e-01 1.5066e-01 3.6929e-04
1.0800e+10 4.1673e-08 2.8150e-08 5.9349e-11 4.9169e-09 1.4580e-08 1.5810e-20 1.0279e-21 2.7272e-07 1.7087e-07 8.2106e-01 1.7848e-01 4.5774e-04
1.3200e+10 4.1673e-08 2.8150e-08 5.9349e-11 4.9169e-09 1.4580e-08 1.5810e-20 1.0279e-21 2.7272e-07 1.7087e-07 7.9844e-01 2.0102e-01 5.3933e-04
1.5600e+10 4.1673e-08 2.8150e-08 5.9349e-11 4.9169e-09 1.4580e-08 1.5810e-20 1.0279e-21 2.7272e-07 1.7087e-07 7.7986e-01 2.1953e-01 6.1655e-04
1.1400e+09 5.1744e-08 2.3747e-10 4.4702e-08 2.4650e-08 4.4169e-09 6.0467e-20 4.6394e-20 2.5962e-07 2.3183e-07 9.5872e-01 2.1140e-04 4.1067e-02
2.0400e+09 5.1744e-08 2.3747e-10 4.4702e-08 2.4650e-08 4.4169e-09 6.0467e-20 4.6394e-20 2.5962e-07 2.3183e-07 9.2903e-01 3.5449e-04 7.0617e-02
3.6800e+09 5.1744e-08 2.3747e-10 4.4702e-08 2.4650e-08 4.4169e-09 6.0467e-20 4.6394e-20 2.5962e-07 2.3183e-07 8.8054e-01 5.6971e-04 1.1889e-01
5.0300e+09 5.1744e-08 2.3747e-10 4.4702e-08 2.4650e-08 4.4169e-09 6.0467e-20 4.6394e-20 2.5962e-07 2.3183e-07 8.4530e-01 7.0982e-04 1.5399e-01
6.5800e+09 5.1744e-08 2.3747e-10 4.4702e-08 2.4650e-08 4.4169e-09 6.0467e-20 4.6394e-20 2.5962e-07 2.3183e-07 8.0922e-01 8.3679e-04 1.8994e-01
8.3600e+09 5.1744e-08 2.3747e-10 4.4702e-08 2.4650e-08 4.4169e-09 6.0467e-20 4.6394e-20 2.5962e-07 2.3183e-07 7.7273e-01 9.4579e-04 2.2632e-01
1.0800e+10 5.1744e-08 2.3747e-10 4.4702e-08 2.4650e-08 4.4169e-09 6.0467e-20 4.6394e-20 2.5962e-07 2.3183e-07 7.2984e-01 1.0444e-03 2.6911e-01
1.3200e+10 5.1744e-08 2.3747e-10 4.4702e-08 2.4650e-08 4.4169e-09 6.0467e-20 4.6394e-20 2.5962e-07 2.3183e-07 6.9431e-01 1.0970e-03 3.0460e-01
1.5600e+10 5.1744e-08 2.3747e-10 4.4702e-08 2.4650e-08 4.4169e-09 6.0467e-20 4.6394e-20 2.5962e-07 2.3183e-07 6.6419e-01 1.1163e-03 3.3470e-01
1.1400e+09 4.6184e-08 1.6535e-09 4.1616e-09 2.3518e-09 6.6617e-09 2.6652e-18 8.4612e-20 2.6043e-07 2.2450e-07 9.9414e-01 1.6536e-03 4.2053e-03
2.0400e+09 4.6184e-08 1.6535e-09 4.1616e-09 2.3518e-09 6.6617e-09 2.6652e-18 8.4612e-20 2.6043e-07 2.2450e-07 9.8944e-01 2.9609e-03 7.6029e-03
3.6800e+09 4.6184e-08 1.6535e-09 4.1616e-09 2.3518e-09 6.6617e-09 2.6652e-18 8.4612e-20 2.6043e-07 2.2450e-07 9.8071e-01 5.3254e-03 1.3960e-02
5.0300e+09 4.6184e-08 1.6535e-09 4.1616e-09 2.3518e-09 6.6617e-09 2.6652e-18 8.4612e-20 2.6043e-07 2.2450e-07 9.7342e-01 7.2317e-03 1.9345e-02
6.5800e+09 4.6184e-08 1.6535e-09 4.1616e-09 2.3518e-09 6.6617e-09 2.6652e-18 8.4612e-20 2.6043e-07 2.2450e-07 9.6497e-01 9.3469e-03 2.5683e-02
8.3600e+09 4.6184e-08 1.6535e-09 4.1616e-09 2.3518e-09 6.6617e-09 2.6652e-18 8.4612e-20 2.6043e-07 2.2450e-07 9.5521e-01 1.1642e-02 3.3147e-02
1.0800e+10 4.6184e-08 1.6535e-09 4.1616e-09 2.3518e-09 6.6617e-09 2.6652e-18 8.4612e-20 2.6043e-07 2.2450e-07 9.4185e-01 1.4490e-02 4.3662e-02
1.3200e+10 4.6184e-08 1.6535e-09 4.1616e-09 2.3518e-09 6.6617e-09 2.6652e-18 8.4612e-20 2.6043e-07 2.2450e-07 9.2884e-01 1.6884e-02 5.4276e-02
1.5600e+10 4.6184e-08 1.6535e-09 4.1616e-09 2.3518e-09 6.6617e-09 2.6652e-18 8.4612e-20 2.6043e-07 2.2450e-07 9.1606e-01 1.8832e-02 6.5103e-02
1.1400e+09 4.8257e-08 1.6535e-09 4.1616e-09 2.4213e-09 3.7266e-09 1.5133e-21 1.1994e-21 2.8674e-07 2.0681e-07 9.9419e-01 1.6443e-03 4.1655e-03
2.0400e+09 4.8257e-08 1.6535e-09 4.1616e-09 2.4213e-09 3.7266e-09 1.5133e-21 1.1994e-21 2.8674e-07 2.0681e-07 9.8950e-01 2.9606e-03 7.5382e-03
3.6800e+09 4.8257e-08 1.6535e-09 4.1616e-09 2.4213e-09 3.7266e-09 1.5133e-21 1.1994e-21 2.8674e-07 2.0681e-07 9.8074e-01 5.3949e-03 1.3864e-02
5.0300e+09 4.8257e-08 1.6535e-09 4.1616e-09 2.4213e-09 3.7266e-09 1.5133e-21 1.1994e-21 2.8674e-07 2.0681e-07 9.7334e-01 7.4276e-03 1.9234e-02
6.5800e+09 4.8257e-08 1.6535e-09 4.1616e-09 2.4213e-09 3.7266e-09 1.5133e-21 1.1994e-21 2.8674e-07 2.0681e-07 9.6465e-01 9.7858e-03 2.5564e-02
8.3600e+09 4.8257e-08 1.6535e-09 4.1616e-09 2.4213e-09 3.7266e-09 1.5133e-21 1.1994e-21 2.8674e-07 2.0681e-07 9.5446e-01 1.2515e-02 3.3024e-02
1.0800e+10 4.8257e-08 1.6535e-09 4.1616e-09 2.4213e-09 3.7266e-09 1.5133e-21 1.1994e-21 2.8674e-07 2.0681e-07 9.4021e-01 1.6265e-02 4.3523e-02
1.3200e+10 4.8257e-08 1.6535e-09 4.1616e-09 2.4213e-09 3.7266e-09 1.5133e-21 1.1994e-21 2.8674e-07 2.0681e-07 9.2598e-01 1.9934e-02 5.4083e-02
1.5600e+10 4.8257e-08 1.6535e-09 4.1616e-09 2.4213e-09 3.7266e-09 1.5133e-21 1.1994e-21 2.8674e-07 2.0681e-07 9.1166e-01 2.3548e-02 6.4791e-02
1.1400e+09 3.2881e-08 1.6367e-09 1.9395e-09 7.0105e-09 1.8473e-08 1.2541e-21 1.3573e-21 2.6184e-07 1.7415e-07 9.9618e-01 1.7234e-03 2.0941e-03
2.0400e+09 3.2881e-08 1.6367e-09 1.9395e-09 7.0105e-09 1.8473e-08 1.2541e-21 1.3573e-21 2.6184e-07 1.7415e-07 9.9318e-01 3.0468e-03 3.7756e-03
3.6800e+09 3.2881e-08 1.6367e-09 1.9395e-09 7.0105e-09 1.8473e-08 1.2541e-21 1.3573e-21 2.6184e-07 1.7415e-07 9.8772e-01 5.3752e-03 6.9020e-03
5.0300e+09 3.2881e-08 1.6367e-09 1.9395e-09 7.0105e-09 1.8473e-08 1.2541e-21 1.3573e-21 2.6184e-07 1.7415e-07 9.8325e-01 7.2126e-03 9.5344e-03
6.5800e+09 3.2881e-08 1.6367e-09 1.9395e-09 7.0105e-09 1.8473e-08 1.2541e-21 1.3573e-21 2.6184e-07 1.7415e-07 9.7814e-01 9.2356e-03 1.2620e-02
8.3600e+09 3.2881e-08 1.6367e-09 1.9395e-09 7.0105e-09 1.8473e-08 1.2541e-21 1.3573e-21 2.6184e-07 1.7415e-07 9.7231e-01 1.1446e-02 1.6242e-02
1.0800e+10 3.2881e-08 1.6367e-09 1.9395e-09 7.0105e-09 1.8473e-08 1.2541e-21 1.3573e-21 2.6184e-07 1.7415e-07 9.6438e-01 1.4284e-02 2.1336e-02
1.3200e+10 3.2881e-08 1.6367e-09 1.9395e-09 7.0105e-09 1.8473e-08 1.2541e-21 1.3573e-21 2.6184e-07 1.7415e-07 9.5666e-01 1.6863e-02 2.6479e-02
1.5600e+10 3.2881e-08 1.6367e-09 1.9395e-09 7.0105e-09 1.8473e-08 1.2541e-21 1.3573e-21 2.6184e-07 1.7415e-07 9.4902e-01 1.9235e-02 3.1740e-02
1.1400e+09 3.1034e-08 2.3084e-09 2.1269e-09 3.9889e-08 2.7566e-08 1.0169e-21 1.1648e-21 2.7080e-07 2.0063e-07 9.9534e-01 2.3518e-03 2.3131e-03
2.0400e+09 3.1034e-08 2.3084e-09 2.1269e-09 3.9889e-08 2.7566e-08 1.0169e-21 1.1648e-21 2.7080e-07 2.0063e-07 9.9181e-01 4.0238e-03 4.1627e-03
3.6800e+09 3.1034e-08 2.3084e-09 2.1269e-09 3.9889e-08 2.7566e-08 1.0169e-21 1.1648e-21 2.7080e-07 2.0063e-07 9.8571e-01 6.7041e-03 7.5875e-03
5.0300e+09 3.1034e-08 2.3084e-09 2.1269e-09 3.9889e-08 2.7566e-08 1.0169e-21 1.1648e-21 2.7080e-07 2.0063e-07 9.8094e-01 8.6014e-03 1.0460e-02
6.5800e+09 3.1034e-08 2.3084e-09 2.1269e-09 3.9889e-08 2.7566e-08 1.0169e-21 1.1648e-21 2.7080e-07 2.0063e-07 9.7570e-01 1.0487e-02 1.3817e-02
8.3600e+09 3.1034e-08 2.3084e-09 2.1269e-09 3.9889e-08 2.7566e-08 1.0169e-21 1.1648e-21 2.7080e-07 2.0063e-07 9.6993e-01 1.2322e-02 1.7749e-02
1.0800e+10 3.1034e-08 2.3084e-09 2.1269e-09 3.9889e-08 2.7566e-08 1.0169e-21 1.1648e-21 2.7080e-07 2.0063e-07 9.6237e-01 1.4367e-02 2.3267e-02
1.3200e+10 3.1034e-08 2.3084e-09 2.1269e-09 3.9889e-08 2.7566e-08 1.0169e-21 1.1648e-21 2.7080e-07 2.0063e-07 9.5522e-01 1.5947e-02 2.8833e-02
1.5600e+10 3.1034e-08 2.3084e-09 2.1269e-09 3.9889e-08 2.7566e-08 1.0169e-21 1.1648e-21 2.7080e-07 2.0063e-07 9.4829e-01 1.7188e-02 3.4522e-02
1.1400e+09 3.0242e-08 2.6775e-09 3.0498e-09 2.2564e-08 2.0366e-09 3.3252e-21 1.7494e-21 2.5923e-07 2.2141e-07 9.9383e-01 2.8462e-03 3.3205e-03
2.0400e+09 3.0242e-08 2.6775e-09 3.0498e-09 2.2564e-08 2.0366e-09 3.3252e-21 1.7494e-21 2.5923e-07 2.2141e-07 9.8903e-01 5.0138e-03 5.9603e-03
3.6800e+09 3.0242e-08 2.6775e-09 3.0498e-09 2.2564e-08 2.0366e-09 3.3252e-21 1.7494e-21 2.5923e-07 2.2141e-07 9.8040e-01 8.7891e-03 1.0811e-02
5.0300e+09 3.0242e-08 2.6775e-09 3.0498e-09 2.2564e-08 2.0366e-09 3.3252e-21 1.7494e-21 2.5923e-07 2.2141e-07 9.7343e-01 1.1733e-02 1.4841e-02
6.5800e+09 3.0242e-08 2.6775e-09 3.0498e-09 2.2564e-08 2.0366e-09 3.3252e-21 1.7494e-21 2.5923e-07 2.2141e-07 9.6556e-01 1.4937e-02 1.9506e-02
8.3600e+09 3.0242e-08 2.6775e-09 3.0498e-09 2.2564e-08 2.0366e-09 3.3252e-21 1.7494e-21 2.5923e-07 2.2141e-07 9.5670e-01 1.8392e-02 2.4910e-02
1.0800e+10 3.0242e-08 2.6775e-09 3.0498e-09 2.2564e-08 2.0366e-09 3.3252e-21 1.7494e-21 2.5923e-07 2.2141e-07 9.4485e-01 2.2756e-02 3.2390e-02
1.3200e+10 3.0242e-08 2.6775e-09 3.0498e-09 2.2564e-08 2.0366e-09 3.3252e-21 1.7494e-21 2.5923e-07 2.2141e-07 9.3353e-01 2.6649e-02 3.9817e-02
1.5600e+10 3.0242e-08 2.6775e-09 3.0498e-09 2.2564e-08 2.0366e-09 3.3252e-21 1.7494e-21 2.5923e-07 2.2141e-07 9.2254e-01 3.0165e-02 4.7299e-02
1.1400e+09 3.0911e-08 2.6194e-11 7.0815e-11 4.2163e-09 1.6695e-08 1.5015e-18 7.8597e-20 2.6480e-07 2.0952e-07 9.9989e-01 2.8145e-05 7.7699e-05
2.0400e+09 3.0911e-08 2.6194e-11 7.0815e-11 4.2163e-09 1.6695e-08 1.5015e-18 7.8597e-20 2.6480e-07 2.0952e-07 9.9981e-01 5.0098e-05 1.4071e-04
3.6800e+09 3.0911e-08 2.6194e-11 7.0815e-11 4.2163e-09 1.6695e-08 1.5015e-18 7.8597e-20 2.6480e-07 2.0952e-07 9.9965e-01 8.9336e-05 2.5936e-04
5.0300e+09 3.0911e-08 2.6194e-11 7.0815e-11 4.2163e-09 1.6695e-08 1.5015e-18 7.8597e-20 2.6480e-07 2.0952e-07 9.9952e-01 1.2073e-04 3.6074e-04
6.5800e+09 3.0911e-08 2.6194e-11 7.0815e-11 4.2163e-09 1.6695e-08 1.5015e-18 7.8597e-20 2.6480e-07 2.0952e-07 9.9936e-01 1.5558e-04 4.8127e-04
8.3600e+09 3.0911e-08 2.6194e-11 7.0815e-11 4.2163e-09 1.6695e-08 1.5015e-18 7.8597e-20 2.6480e-07 2.0952e-07 9.9918e-01 1.9379e-04 6.2515e-04
1.0800e+10 3.0911e-08 2.6194e-11 7.0815e-11 4.2163e-09 1.6695e-08 1.5015e-18 7.8597e-20 2.6480e-07 2.0952e-07 9.9893e-01 2.4258e-04 8.3182e-04
1.3200e+10 3.0911e-08 2.6194e-11 7.0815e-11 4.2163e-09 1.6695e-08 1.5015e-18 7.8597e-20 2.6480e-07 2.0952e-07 9.9867e-01 2.8611e-04 1.0456e-03
1.5600e+10 3.0911e-08 2.6194e-11 7.0815e-11 4.2163e-09 1.6695e-08 1.5015e-18 7.8597e-20 2.6480e-07 2.0952e-07 9.9841e-01 3.2494e-04 1.2698e-03
1.1400e+09 3.2554e-08 1.8415e-09 1.2059e-09 8.0839e-09 1.2437e-09 5.3244e-19 1.9901e-21 2.4169e-07 1.6654e-07 9.9672e-01 1.9747e-03 1.3054e-03
2.0400e+09 3.2554e-08 1.8415e-09 1.2059e-09 8.0839e-09 1.2437e-09 5.3244e-19 1.9901e-21 2.4169e-07 1.6654e-07 9.9411e-01 3.5353e-03 2.3550e-03
3.6800e+09 3.2554e-08 1.8415e-09 1.2059e-09 8.0839e-09 1.2437e-09 5.3244e-19 1.9901e-21 2.4169e-07 1.6654e-07 9.8931e-01 6.3761e-03 4.3099e-03
5.0300e+09 3.2554e-08 1.8415e-09 1.2059e-09 8.0839e-09 1.2437e-09 5.3244e-19 1.9901e-21 2.4169e-07 1.6654e-07 9.8534e-01 8.7047e-03 5.9590e-03
6.5800e+09 3.2554e-08 1.8415e-09 1.2059e-09 8.0839e-09 1.2437e-09 5.3244e-19 1.9901e-21 2.4169e-07 1.6654e-07 9.8075e-01 1.1359e-02 7.8952e-03
8.3600e+09 3.2554e-08 1.8415e-09 1.2059e-09 8.0839e-09 1.2437e-09 5.3244e-19 1.9901e-21 2.4169e-07 1.6654e-07 9.7546e-01 1.4368e-02 1.0173e-02
1.0800e+10 3.2554e-08 1.8415e-09 1.2059e-09 8.0839e-09 1.2437e-09 5.3244e-19 1.9901e-21 2.4169e-07 1.6654e-07 9.6821e-01 1.8401e-02 1.3386e-02
1.3200e+10 3.2554e-08 1.8415e-09 1.2059e-09 8.0839e-09 1.2437e-09 5.3244e-19 1.9901e-21 2.4169e-07 1.6654e-07 9.6113e-01 2.2233e-02 1.6641e-02
1.5600e+10 3.2554e-08 1.8415e-09 1.2059e-09 8.0839e-09 1.2437e-09 5.3244e-19 1.9901e-21 2.4169e-07 1.6654e-07 9.5412e-01 2.5899e-02 1.9985e-02
1.1400e+09 5.9814e-08 3.3623e-09 4.5028e-09 3.9841e-08 2.4229e-09 4.1997e-19 6.4845e-21 2.9504e-07 1.6206e-07 9.9270e-01 3.0370e-03 4.2619e-03
2.0400e+09 5.9814e-08 3.3623e-09 4.5028e-09 3.9841e-08 2.4229e-09 4.1997e-19 6.4845e-21 2.9504e-07 1.6206e-07 9.8695e-01 5.3163e-03 7.7368e-03
3.6800e+09 5.9814e-08 3.3623e-09 4.5028e-09 3.9841e-08 2.4229e-09 4.1997e-19 6.4845e-21 2.9504e-07 1.6206e-07 9.7648e-01 9.2126e-03 1.4311e-02
5.0300e+09 5.9814e-08 3.3623e-09 4.5028e-09 3.9841e-08 2.4229e-09 4.1997e-19 6.4845e-21 2.9504e-07 1.6206e-07 9.6787e-01 1.2179e-02 1.9946e-02
6.5800e+09 5.9814e-08 3.3623e-09 4.5028e-09 3.9841e-08 2.4229e-09 4.1997e-19 6.4845e-21 2.9504e-07 1.6206e-07 9.5803e-01 1.5326e-02 2.6649e-02
8.3600e+09 5.9814e-08 3.3623e-09 4.5028e-09 3.9841e-08 2.4229e-09 4.1997e-19 6.4845e-21 2.9504e-07 1.6206e-07 9.4677e-01 1.8605e-02 3.4626e-02
1.0800e+10 5.9814e-08 3.3623e-09 4.5028e-09 3.9841e-08 2.4229e-09 4.1997e-19 6.4845e-21 2.9504e-07 1.6206e-07 9.3149e-01 2.2533e-02 4.5980e-02
1.3200e+10 5.9814e-08 3.3623e-09 4.5028e-09 3.9841e-08 2.4229e-09 4.1997e-19 6.4845e-21 2.9504e-07 1.6206e-07 9.1669e-01 2.5778e-02 5.7532e-02
1.5600e+10 5.9814e-08 3.3623e-09 4.5028e-09 3.9841e-08 2.4229e-09 4.1997e-19 6.4845e-21 2.9504e-07 1.6206e-07 9.0220e-01 2.8436e-02 6.9361e-02
1.1400e+09 4.5152e-08 3.9808e-09 4.4357e-11 1.8426e-08 5.7058e-08 1.1168e-18 5.2945e-21 2.6891e-07 2.0189e-07 9.9620e-01 3.7523e-03 4.5204e-05
2.0400e+09 4.5152e-08 3.9808e-09 4.4357e-11 1.8426e-08 5.7058e-08 1.1168e-18 5.2945e-21 2.6891e-07 2.0189e-07 9.9351e-01 6.4039e-03 8.1961e-05
3.6800e+09 4.5152e-08 3.9808e-09 4.4357e-11 1.8426e-08 5.7058e-08 1.1168e-18 5.2945e-21 2.6891e-07 2.0189e-07 9.8923e-01 1.0623e-02 1.5144e-04
5.0300e+09 4.5152e-08 3.9808e-09 4.4357e-11 1.8426e-08 5.7058e-08 1.1168e-18 5.2945e-21 2.6891e-07 2.0189e-07 9.8621e-01 1.3583e-02 2.1112e-04
6.5800e+09 4.5152e-08 3.9808e-09 4.4357e-11 1.8426e-08 5.7058e-08 1.1168e-18 5.2945e-21 2.6891e-07 2.0189e-07 9.8322e-01 1.6498e-02 2.8244e-04
8.3600e+09 4.5152e-08 3.9808e-09 4.4357e-11 1.8426e-08 5.7058e-08 1.1168e-18 5.2945e-21 2.6891e-07 2.0189e-07 9.8033e-01 1.9306e-02 3.6806e-04
1.0800e+10 4.5152e-08 3.9808e-09 4.4357e-11 1.8426e-08 5.7058e-08 1.1168e-18 5.2945e-21 2.6891e-07 2.0189e-07 9.7712e-01 2.2390e-02 4.9188e-04
1.3200e+10 4.5152e-08 3.9808e-09 4.4357e-11 1.8426e-08 5.7058e-08 1.1168e-18 5.2945e-21 2.6891e-07 2.0189e-07 9.7465e-01 2.4734e-02 6.2079e-04
1.5600e+10 4.5152e-08 3.9808e-09 4.4357e-11 1.8426e-08 5.7058e-08 1.1168e-18 5.2945e-21 2.6891e-07 2.0189e-07 9.7270e-01 2.6541e-02 7.5649e-04
1.1400e+09 3.3425e-08 1.7984e-09 1.3509e-09 3.5451e-08 5.6517e-08 3.6944e-21 4.0732e-21 2.5722e-07 2.0485e-07 9.9677e-01 1.7726e-03 1.4563e-03
2.0400e+09 3.3425e-08 1.7984e-09 1.3509e-09 3.5451e-08 5.6517e-08 3.6944e-21 4.0732e-21 2.5722e-07 2.0485e-07 9.9438e-01 2.9876e-03 2.6289e-03
3.6800e+09 3.3425e-08 1.7984e-09 1.3509e-09 3.5451e-08 5.6517e-08 3.6944e-21 4.0732e-21 2.5722e-07 2.0485e-07 9.9033e-01 4.8534e-03 4.8181e-03
5.0300e+09 3.3425e-08 1.7984e-09 1.3509e-09 3.5451e-08 5.6517e-08 3.6944e-21 4.0732e-21 2.5722e-07 2.0485e-07 9.8722e-01 6.1111e-03 6.6715e-03
6.5800e+09 3.3425e-08 1.7984e-09 1.3509e-09 3.5451e-08 5.6517e-08 3.6944e-21 4.0732e-21 2.5722e-07 2.0485e-07 9.8384e-01 7.3070e-03 8.8566e-03
8.3600e+09 3.3425e-08 1.7984e-09 1.3509e-09 3.5451e-08 5.6517e-08 3.6944e-21 4.0732e-21 2.5722e-07 2.0485e-07 9.8014e-01 8.4183e-03 1.1440e-02
1.0800e+10 3.3425e-08 1.7984e-09 1.3509e-09 3.5451e-08 5.6517e-08 3.6944e-21 4.0732e-21 2.5722e-07 2.0485e-07 9.7530e-01 9.5923e-03 1.5107e-02
1.3200e+10 3.3425e-08 1.7984e-09 1.3509e-09 3.5451e-08 5.6517e-08 3.6944e-21 4.0732e-21 2.5722e-07 2.0485e-07 9.7070e-01 1.0453e-02 1.8848e-02
1.5600e+10 3.3425e-08 1.7984e-09 1.3509e-09 3.5451e-08 5.6517e-08 3.6944e-21 4.0732e-21 2.5722e-07 2.0485e-07 9.6618e-01 1.1101e-02 2.2715e-02
1.1400e+09 3.0640e-08 1.7984e-09 1.3509e-09 3.6505e-08 3.0323e-08 4.8811e-21 1.3572e-21 2.8065e-07 2.3729e-07 9.9668e-01 1.8415e-03 1.4756e-03
2.0400e+09 3.0640e-08 1.7984e-09 1.3509e-09 3.6505e-08 3.0323e-08 4.8811e-21 1.3572e-21 2.8065e-07 2.3729e-07 9.9418e-01 3.1580e-03 2.6600e-03
3.6800e+09 3.0640e-08 1.7984e-09 1.3509e-09 3.6505e-08 3.0323e-08 4.8811e-21 1.3572e-21 2.8065e-07 2.3729e-07 9.8985e-01 5.2834e-03 4.8634e-03
5.0300e+09 3.0640e-08 1.7984e-09 1.3509e-09 3.6505e-08 3.0323e-08 4.8811e-21 1.3572e-21 2.8065e-07 2.3729e-07 9.8648e-01 6.8013e-03 6.7209e-03
6.5800e+09 3.0640e-08 1.7984e-09 1.3509e-09 3.6505e-08 3.0323e-08 4.8811e-21 1.3572e-21 2.8065e-07 2.3729e-07 9.8277e-01 8.3235e-03 8.9024e-03
8.3600e+09 3.0640e-08 1.7984e-09 1.3509e-09 3.6505e-08 3.0323e-08 4.8811e-21 1.3572e-21 2.8065e-07 2.3729e-07 9.7871e-01 9.8225e-03 1.1471e-02
1.0800e+10 3.0640e-08 1.7984e-09 1.3509e-09 3.6505e-08 3.0323e-08 4.8811e-21 1.3572e-21 2.8065e-07 2.3729e-07 9.7338e-01 1.1519e-02 1.5101e-02
1.3200e+10 3.0640e-08 1.7984e-09 1.3509e-09 3.6505e-08 3.0323e-08 4.8811e-21 1.3572e-21 2.8065e-07 2.3729e-07 9.6835e-01 1.2858e-02 1.8789e-02
1.5600e+10 3.0640e-08 1.7984e-09 1.3509e-09 3.6505e-08 3.0323e-08 4.8811e-21 1.3572e-21 2.8065e-07 2.3729e-07 9.6348e-01 1.3937e-02 2.2587e-02
1.1400e+09 3.1482e-08 8.2868e-10 1.3378e-09 2.3893e-09 3.8457e-08 1.2735e-21 5.0629e-21 2.6913e-07 2.1663e-07 9.9767e-01 8.6792e-04 1.4580e-03
2.0400e+09 3.1482e-08 8.2868e-10 1.3378e-09 2.3893e-09 3.8457e-08 1.2735e-21 5.0629e-21 2.6913e-07 2.1663e-07 9.9585e-01 1.5193e-03 2.6328e-03
3.6800e+09 3.1482e-08 8.2868e-10 1.3378e-09 2.3893e-09 3.8457e-08 1.2735e-21 5.0629e-21 2.6913e-07 2.1663e-07 9.9254e-01 2.6343e-03 4.8267e-03
5.0300e+09 3.1482e-08 8.2868e-10 1.3378e-09 2.3893e-09 3.8457e-08 1.2735e-21 5.0629e-21 2.6913e-07 2.1663e-07 9.8983e-01 3.4867e-03 6.6836e-03
6.5800e+09 3.1482e-08 8.2868e-10 1.3378e-09 2.3893e-09 3.8457e-08 1.2735e-21 5.0629e-21 2.6913e-07 2.1663e-07 9.8673e-01 4.3976e-03 8.8711e-03
8.3600e+09 3.1482e-08 8.2868e-10 1.3378e-09 2.3893e-09 3.8457e-08 1.2735e-21 5.0629e-21 2.6913e-07 2.1663e-07 9.8318e-01 5.3606e-03 1.1455e-02
1.0800e+10 3.1482e-08 8.2868e-10 1.3378e-09 2.3893e-09 3.8457e-08 1.2735e-21 5.0629e-21 2.6913e-07 2.1663e-07 9.7834e-01 6.5478e-03 1.5116e-02
1.3200e+10 3.1482e-08 8.2868e-10 1.3378e-09 2.3893e-09 3.8457e-08 1.2735e-21 5.0629e-21 2.6913e-07 2.1663e-07 9.7358e-01 7.5793e-03 1.8845e-02
1.5600e+10 3.1482e-08 8.2868e-10 1.3378e-09 2.3893e-09 3.8457e-08 1.2735e-21 5.0629e-21 2.6913e-07 2.1663e-07 9.6882e-01 8.4884e-03 2.2693e-02
1.1400e+09 4.9695e-08 5.8350e-10 4.6781e-09 5.1941e-09 5.4280e-09 7.8810e-18 4.8277e-18 2.7706e-07 2.2238e-07 9.9477e-01 5.7171e-04 4.6565e-03
2.0400e+09 4.9695e-08 5.8350e-10 4.6781e-09 5.1941e-09 5.4280e-09 7.8810e-18 4.8277e-18 2.7706e-07 2.2238e-07 9.9054e-01 1.0169e-03 8.4397e-03
3.6800e+09 4.9695e-08 5.8350e-10 4.6781e-09 5.1941e-09 5.4280e-09 7.8810e-18 4.8277e-18 2.7706e-07 2.2238e-07 9.8265e-01 1.7864e-03 1.5566e-02
5.0300e+09 4.9695e-08 5.8350e-10 4.6781e-09 5.1941e-09 5.4280e-09 7.8810e-18 4.8277e-18 2.7706e-07 2.2238e-07 9.7600e-01 2.3549e-03 2.1647e-02
6.5800e+09 4.9695e-08 5.8350e-10 4.6781e-09 5.1941e-09 5.4280e-09 7.8810e-18 4.8277e-18 2.7706e-07 2.2238e-07 9.6824e-01 2.9117e-03 2.8850e-02
8.3600e+09 4.9695e-08 5.8350e-10 4.6781e-09 5.1941e-09 5.4280e-09 7.8810e-18 4.8277e-18 2.7706e-07 2.2238e-07 9.5920e-01 3.4081e-03 3.7392e-02
1.0800e+10 4.9695e-08 5.8350e-10 4.6781e-09 5.1941e-09 5.4280e-09 7.8810e-18 4.8277e-18 2.7706e-07 2.2238e-07 9.4665e-01 3.8421e-03 4.9512e-02
1.3200e+10 4.9695e-08 5.8350e-10 4.6781e-09 5.1941e-09 5.4280e-09 7.8810e-18 4.8277e-18 2.7706e-07 2.2238e-07 9.3415e-01 4.0323e-03 6.1815e-02
1.5600e+10 4.9695e-08 5.8350e-10 4.6781e-09 5.1941e-09 5.4280e-09 7.8810e-18 4.8277e-18 2.7706e-07 2.2238e-07 9.2155e-01 4.0520e-03 7.4398e-02
1.1400e+09 3.3858e-08 7.1479e-10 3.6507e-09 3.0844e-08 3.2099e-08 1.2735e-21 5.0629e-21 2.4703e-07 1.7024e-07 9.9536e-01 7.2112e-04 3.9176e-03
2.0400e+09 3.3858e-08 7.1479e-10 3.6507e-09 3.0844e-08 3.2099e-08 1.2735e-21 5.0629e-21 2.4703e-07 1.7024e-07 9.9170e-01 1.2385e-03 7.0579e-03
3.6800e+09 3.3858e-08 7.1479e-10 3.6507e-09 3.0844e-08 3.2099e-08 1.2735e-21 5.0629e-21 2.4703e-07 1.7024e-07 9.8504e-01 2.0760e-03 1.2884e-02
5.0300e+09 3.3858e-08 7.1479e-10 3.6507e-09 3.0844e-08 3.2099e-08 1.2735e-21 5.0629e-21 2.4703e-07 1.7024e-07 9.7955e-01 2.6751e-03 1.7775e-02
6.5800e+09 3.3858e-08 7.1479e-10 3.6507e-09 3.0844e-08 3.2099e-08 1.2735e-21 5.0629e-21 2.4703e-07 1.7024e-07 9.7323e-01 3.2753e-03 2.3492e-02
8.3600e+09 3.3858e-08 7.1479e-10 3.6507e-09 3.0844e-08 3.2099e-08 1.2735e-21 5.0629e-21 2.4703e-07 1.7024e-07 9.6596e-01 3.8637e-03 3.0179e-02
1.0800e+10 3.3858e-08 7.1479e-10 3.6507e-09 3.0844e-08 3.2099e-08 1.2735e-21 5.0629e-21 2.4703e-07 1.7024e-07 9.5594e-01 4.5220e-03 3.9535e-02
1.3200e+10 3.3858e-08 7.1479e-10 3.6507e-09 3.0844e-08 3.2099e-08 1.2735e-21 5.0629e-21 2.4703e-07 1.7024e-07 9.4605e-01 5.0305e-03 4.8920e-02
1.5600e+10 3.3858e-08 7.1479e-10 3.6507e-09 3.0844e-08 3.2099e-08 1.2735e-21 5.0629e-21 2.4703e-07 1.7024e-07 9.3612e-01 5.4260e-03 5.8451e-02
1.1400e+09 5.7745e-08 3.7828e-09 3.2928e-09 5.9584e-08 1.0344e-08 8.0838e-21 1.0119e-21 2.5303e-07 2.3721e-07 9.9349e-01 3.3544e-03 3.1507e-03
2.0400e+09 5.7745e-08 3.7828e-09 3.2928e-09 5.9584e-08 1.0344e-08 8.0838e-21 1.0119e-21 2.5303e-07 2.3721e-07 9.8853e-01 5.7465e-03 5.7221e-03
3.6800e+09 5.7745e-08 3.7828e-09 3.2928e-09 5.9584e-08 1.0344e-08 8.0838e-21 1.0119e-21 2.5303e-07 2.3721e-07 9.7980e-01 9.6031e-03 1.0598e-02
5.0300e+09 5.7745e-08 3.7828e-09 3.2928e-09 5.9584e-08 1.0344e-08 8.0838e-21 1.0119e-21 2.5303e-07 2.3721e-07 9.7285e-01 1.2357e-02 1.4794e-02
6.5800e+09 5.7745e-08 3.7828e-09 3.2928e-09 5.9584e-08 1.0344e-08 8.0838e-21 1.0119e-21 2.5303e-07 2.3721e-07 9.6507e-01 1.5118e-02 1.9808e-02
8.3600e+09 5.7745e-08 3.7828e-09 3.2928e-09 5.9584e-08 1.0344e-08 8.0838e-21 1.0119e-21 2.5303e-07 2.3721e-07 9.5635e-01 1.7834e-02 2.5812e-02
1.0800e+10 5.7745e-08 3.7828e-09 3.2928e-09 5.9584e-08 1.0344e-08 8.0838e-21 1.0119e-21 2.5303e-07 2.3721e-07 9.4468e-01 2.0887e-02 3.4433e-02
1.3200e+10 5.7745e-08 3.7828e-09 3.2928e-09 5.9584e-08 1.0344e-08 8.0838e-21 1.0119e-21 2.5303e-07 2.3721e-07 9.3344e-01 2.3257e-02 4.3298e-02
1.5600e+10 5.7745e-08 3.7828e-09 3.2928e-09 5.9584e-08 1.0344e-08 8.0838e-21 1.0119e-21 2.5303e-07 2.3721e-07 9.2242e-01 2.5100e-02 5.2475e-02
1.1400e+09 4.7303e-08 2.9274e-09 3.6198e-09 3.3933e-08 1.3401e-09 2.1745e-21 6.2646e-20 2.7979e-07 1.6699e-07 9.9353e-01 2.8328e-03 3.6346e-03
2.0400e+09 4.7303e-08 2.9274e-09 3.6198e-09 3.3933e-08 1.3401e-09 2.1745e-21 6.2646e-20 2.7979e-07 1.6699e-07 9.8846e-01 4.9746e-03 6.5693e-03
3.6800e+09 4.7303e-08 2.9274e-09 3.6198e-09 3.3933e-08 1.3401e-09 2.1745e-21 6.2646e-20 2.7979e-07 1.6699e-07 9.7927e-01 8.6713e-03 1.2060e-02
5.0300e+09 4.7303e-08 2.9274e-09 3.6198e-09 3.3933e-08 1.3401e-09 2.1745e-21 6.2646e-20 2.7979e-07 1.6699e-07 9.7177e-01 1.1522e-02 1.6712e-02
6.5800e+09 4.7303e-08 2.9274e-09 3.6198e-09 3.3933e-08 1.3401e-09 2.1745e-21 6.2646e-20 2.7979e-07 1.6699e-07 9.6322e-01 1.4588e-02 2.2193e-02
8.3600e+09 4.7303e-08 2.9274e-09 3.6198e-09 3.3933e-08 1.3401e-09 2.1745e-21 6.2646e-20 2.7979e-07 1.6699e-07 9.5350e-01 1.7845e-02 2.8656e-02
1.0800e+10 4.7303e-08 2.9274e-09 3.6198e-09 3.3933e-08 1.3401e-09 2.1745e-21 6.2646e-20 2.7979e-07 1.6699e-07 9.4035e-01 2.1868e-02 3.7779e-02
1.3200e+10 4.7303e-08 2.9274e-09 3.6198e-09 3.3933e-08 1.3401e-09 2.1745e-21 6.2646e-20 2.7979e-07 1.6699e-07 9.2765e-01 2.5345e-02 4.7004e-02
1.5600e+10 4.7303e-08 2.9274e-09 3.6198e-09 3.3933e-08 1.3401e-09 2.1745e-21 6.2646e-20 2.7979e-07 1.6699e-07 9.1520e-01 2.8369e-02 5.6426e-02
1.1400e+09 3.7004e-08 2.1751e-09 6.0489e-10 5.2328e-09 4.2125e-09 4.3865e-20 2.2119e-21 2.8072e-07 2.3791e-07 9.9707e-01 2.2851e-03 6.4154e-04
2.0400e+09 3.7004e-08 2.1751e-09 6.0489e-10 5.2328e-09 4.2125e-09 4.3865e-20 2.2119e-21 2.8072e-07 2.3791e-07 9.9474e-01 4.1017e-03 1.1602e-03
3.6800e+09 3.7004e-08 2.1751e-09 6.0489e-10 5.2328e-09 4.2125e-09 4.3865e-20 2.2119e-21 2.8072e-07 2.3791e-07 9.9043e-01 7.4365e-03 2.1325e-03
5.0300e+09 3.7004e-08 2.1751e-09 6.0489e-10 5.2328e-09 4.2125e-09 4.3865e-20 2.2119e-21 2.8072e-07 2.3791e-07 9.8684e-01 1.0201e-02 2.9586e-03
6.5800e+09 3.7004e-08 2.1751e-09 6.0489e-10 5.2328e-09 4.2125e-09 4.3865e-20 2.2119e-21 2.8072e-07 2.3791e-07 9.8267e-01 1.3392e-02 3.9349e-03
8.3600e+09 3.7004e-08 2.1751e-09 6.0489e-10 5.2328e-09 4.2125e-09 4.3865e-20 2.2119e-21 2.8072e-07 2.3791e-07 9.7784e-01 1.7069e-02 5.0914e-03
1.0800e+10 3.7004e-08 2.1751e-09 6.0489e-10 5.2328e-09 4.2125e-09 4.3865e-20 2.2119e-21 2.8072e-07 2.3791e-07 9.7115e-01 2.2113e-02 6.7349e-03
1.3200e+10 3.7004e-08 2.1751e-09 6.0489e-10 5.2328e-09 4.2125e-09 4.3865e-20 2.2119e-21 2.8072e-07 2.3791e-07 9.6453e-01 2.7055e-02 8.4126e-03
1.5600e+10 3.7004e-08 2.1751e-09 6.0489e-10 5.2328e-09 4.2125e-09 4.3865e-20 2.2119e-21 2.8072e-07 2.3791e-07 9.5790e-01 3.1951e-02 1.0146e-02
1.1400e+09 5.2465e-08 5.9389e-09 4.6411e-09 5.5438e-08 3.8470e-08 1.1318e-19 6.4155e-18 2.8213e-07 2.1864e-07 9.9025e-01 5.2245e-03 4.5205e-03
2.0400e+09 5.2465e-08 5.9389e-09 4.6411e-09 5.5438e-08 3.8470e-08 1.1318e-19 6.4155e-18 2.8213e-07 2.1864e-07 9.8316e-01 8.6898e-03 8.1525e-03
3.6800e+09 5.2465e-08 5.9389e-09 4.6411e-09 5.5438e-08 3.8470e-08 1.1318e-19 6.4155e-18 2.8213e-07 2.1864e-07 9.7136e-01 1.3720e-02 1.4923e-02
5.0300e+09 5.2465e-08 5.9389e-09 4.6411e-09 5.5438e-08 3.8470e-08 1.1318e-19 6.4155e-18 2.8213e-07 2.1864e-07 9.6254e-01 1.6814e-02 2.0646e-02
6.5800e+09 5.2465e-08 5.9389e-09 4.6411e-09 5.5438e-08 3.8470e-08 1.1318e-19 6.4155e-18 2.8213e-07 2.1864e-07 9.5319e-01 1.9428e-02 2.7382e-02
8.3600e+09 5.2465e-08 5.9389e-09 4.6411e-09 5.5438e-08 3.8470e-08 1.1318e-19 6.4155e-18 2.8213e-07 2.1864e-07 9.4322e-01 2.1456e-02 3.5322e-02
1.0800e+10 5.2465e-08 5.9389e-09 4.6411e-09 5.5438e-08 3.8470e-08 1.1318e-19 6.4155e-18 2.8213e-07 2.1864e-07 9.3049e-01 2.2997e-02 4.6509e-02
1.3200e+10 5.2465e-08 5.9389e-09 4.6411e-09 5.5438e-08 3.8470e-08 1.1318e-19 6.4155e-18 2.8213e-07 2.1864e-07 9.1867e-01 2.3560e-02 5.7774e-02
1.5600e+10 5.2465e-08 5.9389e-09 4.6411e-09 5.5438e-08 3.8470e-08 1.1318e-19 6.4155e-18 2.8213e-07 2.1864e-07 9.0729e-01 2.3516e-02 6.9194e-02
1.1400e+09 5.9948e-08 5.9389e-09 4.6411e-09 5.6331e-08 5.7133e-08 1.5340e-21 1.4766e-19 2.9199e-07 2.3464e-07 9.9069e-01 4.9415e-03 4.3713e-03
2.0400e+09 5.9948e-08 5.9389e-09 4.6411e-09 5.6331e-08 5.7133e-08 1.5340e-21 1.4766e-19 2.9199e-07 2.3464e-07 9.8394e-01 8.1438e-03 7.9147e-03
3.6800e+09 5.9948e-08 5.9389e-09 4.6411e-09 5.6331e-08 5.7133e-08 1.5340e-21 1.4766e-19 2.9199e-07 2.3464e-07 9.7266e-01 1.2752e-02 1.4587e-02
5.0300e+09 5.9948e-08 5.9389e-09 4.6411e-09 5.6331e-08 5.7133e-08 1.5340e-21 1.4766e-19 2.9199e-07 2.3464e-07 9.6408e-01 1.5631e-02 2.0287e-02
6.5800e+09 5.9948e-08 5.9389e-09 4.6411e-09 5.6331e-08 5.7133e-08 1.5340e-21 1.4766e-19 2.9199e-07 2.3464e-07 9.5477e-01 1.8178e-02 2.7054e-02
8.3600e+09 5.9948e-08 5.9389e-09 4.6411e-09 5.6331e-08 5.7133e-08 1.5340e-21 1.4766e-19 2.9199e-07 2.3464e-07 9.4455e-01 2.0353e-02 3.5094e-02
1.0800e+10 5.9948e-08 5.9389e-09 4.6411e-09 5.6331e-08 5.7133e-08 1.5340e-21 1.4766e-19 2.9199e-07 2.3464e-07 9.3109e-01 2.2393e-02 4.6521e-02
1.3200e+10 5.9948e-08 5.9389e-09 4.6411e-09 5.6331e-08 5.7133e-08 1.5340e-21 1.4766e-19 2.9199e-07 2.3464e-07 9.1824e-01 2.3648e-02 5.8116e-02
1.5600e+10 5.9948e-08 5.9389e-09 4.6411e-09 5.6331e-08 5.7133e-08 1.5340e-21 1.4766e-19 2.9199e-07 2.3464e-07 9.0568e-01 2.4374e-02 6.9946e-02
1.1400e+09 4.2164e-08 1.2497e-08 1.8621e-11 3.4202e-08 1.6358e-08 6.5210e-20 1.6925e-20 2.9450e-07 1.8024e-07 9.8791e-01 1.2074e-02 1.8945e-05
2.0400e+09 4.2164e-08 1.2497e-08 1.8621e-11 3.4202e-08 1.6358e-08 6.5210e-20 1.6925e-20 2.9450e-07 1.8024e-07 9.7921e-01 2.0754e-02 3.3905e-05
3.6800e+09 4.2164e-08 1.2497e-08 1.8621e-11 3.4202e-08 1.6358e-08 6.5210e-20 1.6925e-20 2.9450e-07 1.8024e-07 9.6506e-01 3.4884e-02 6.1268e-05
5.0300e+09 4.2164e-08 1.2497e-08 1.8621e-11 3.4202e-08 1.6358e-08 6.5210e-20 1.6925e-20 2.9450e-07 1.8024e-07 9.5483e-01 4.5089e-02 8.3964e-05
6.5800e+09 4.2164e-08 1.2497e-08 1.8621e-11 3.4202e-08 1.6358e-08 6.5210e-20 1.6925e-20 2.9450e-07 1.8024e-07 9.4444e-01 5.5447e-02 1.1029e-04
8.3600e+09 4.2164e-08 1.2497e-08 1.8621e-11 3.4202e-08 1.6358e-08 6.5210e-20 1.6925e-20 2.9450e-07 1.8024e-07 9.3406e-01 6.5802e-02 1.4096e-04
1.0800e+10 4.2164e-08 1.2497e-08 1.8621e-11 3.4202e-08 1.6358e-08 6.5210e-20 1.6925e-20 2.9450e-07 1.8024e-07 9.2206e-01 7.7752e-02 1.8389e-04
1.3200e+10 4.2164e-08 1.2497e-08 1.8621e-11 3.4202e-08 1.6358e-08 6.5210e-20 1.6925e-20 2.9450e-07 1.8024e-07 9.1236e-01 8.7414e-02 2.2720e-04
1.5600e+10 4.2164e-08 1.2497e-08 1.8621e-11 3.4202e-08 1.6358e-08 6.5210e-20 1.6925e-20 2.9450e-07 1.8024e-07 9.0436e-01 9.5371e-02 2.7165e-04
